Reacoes de apoio [N]
[[ 3570.55520968]
 [ 2677.91640726]
 [-3570.55476897]
 [ 2677.91607673]
 [  123.97418372]
 [   46.49031889]
 [ 2563.26065657]
 [ 3275.59083299]
 [-2563.26776681]
 [ 3275.59223857]
 [ -123.97606129]
 [   46.49102298]]

Deslocamentos [m]
[[ 0.00000000e+00]
 [ 0.00000000e+00]
 [ 0.00000000e+00]
 [ 0.00000000e+00]
 [-5.35390919e-05]
 [-2.72996798e-04]
 [ 5.35394778e-05]
 [-2.72996241e-04]
 [ 0.00000000e+00]
 [ 0.00000000e+00]
 [ 0.00000000e+00]
 [ 0.00000000e+00]
 [ 0.00000000e+00]
 [ 0.00000000e+00]
 [ 0.00000000e+00]
 [ 0.00000000e+00]
 [ 7.80174387e-05]
 [-7.95508886e-04]
 [-7.80159222e-05]
 [-7.95507065e-04]
 [ 6.51409754e-05]
 [-3.34801393e-04]
 [-6.51396877e-05]
 [-3.34800399e-04]
 [ 1.21986047e-04]
 [-1.16616287e-03]
 [-1.21983402e-04]
 [-1.16616047e-03]
 [ 2.04696912e-04]
 [-8.95011530e-04]
 [-2.04694527e-04]
 [-8.95009260e-04]
 [ 1.00574812e-04]
 [-1.47019711e-03]
 [ 1.49270591e-09]
 [-1.60429455e-03]
 [-1.00572504e-04]
 [-1.47019569e-03]
 [ 1.42858634e-04]
 [-1.28222686e-03]
 [ 7.78511710e-10]
 [-1.62129888e-03]
 [-1.42856487e-04]
 [-1.28222470e-03]
 [ 1.77586515e-04]
 [-1.67603413e-03]
 [-1.77585582e-04]
 [-1.67603312e-03]]

Deformacoes []
[[-4.13258705e-03]
 [ 1.65918614e-03]
 [-4.49434029e-03]
 [-1.64501169e-03]
 [-4.16524056e-03]
 [ 3.39930104e-03]
 [-4.48962665e-03]
 [-2.40074113e-03]
 [-4.08356722e-03]
 [-5.47703796e-04]
 [-4.49053607e-03]
 [-1.93439979e-03]
 [-3.99099058e-03]
 [ 1.57910182e-03]
 [-4.48849242e-03]
 [-2.94052895e-03]
 [-3.42240576e-03]
 [-2.90401243e-03]
 [-2.51434145e-03]
 [-4.43965121e-03]
 [-3.42241076e-03]
 [-2.90400753e-03]
 [-2.94053469e-03]
 [-3.99099703e-03]
 [ 1.57910814e-03]
 [-4.48849155e-03]
 [-1.93440387e-03]
 [-5.47709306e-04]
 [-4.49053480e-03]
 [-4.08357403e-03]
 [-2.40072915e-03]
 [-4.48962890e-03]
 [ 3.39929140e-03]
 [-4.16524348e-03]
 [-1.64499982e-03]
 [-4.49434518e-03]
 [ 1.65917286e-03]
 [-4.13258654e-03]
 [-6.62022431e-04]
 [-6.62032457e-04]
 [-1.52480692e-03]
 [-3.74192942e-09]
 [ 2.42760489e-09]
 [-1.52481118e-03]]

Forcas internas [N]
[[-4.46319401e+03]
 [ 5.30939566e+02]
 [-4.29658932e+03]
 [-5.26403742e+02]
 [-3.99863094e+03]
 [ 1.22374838e+03]
 [-5.24388393e+03]
 [-6.72207517e+02]
 [-3.10351109e+03]
 [-2.19081519e+02]
 [-5.44252972e+03]
 [-6.19007932e+02]
 [-2.55423397e+03]
 [ 4.42148509e+02]
 [-5.94276397e+03]
 [-1.05859042e+03]
 [-1.23206607e+03]
 [-1.04544447e+03]
 [-7.04015605e+02]
 [-3.46292794e+03]
 [-1.23206787e+03]
 [-1.04544271e+03]
 [-1.05859249e+03]
 [-2.55423810e+03]
 [ 4.42150280e+02]
 [-5.94276281e+03]
 [-6.19009239e+02]
 [-2.19083722e+02]
 [-5.44252817e+03]
 [-3.10351627e+03]
 [-6.72204162e+02]
 [-5.24388656e+03]
 [ 1.22374490e+03]
 [-3.99863374e+03]
 [-5.26399942e+02]
 [-4.29659399e+03]
 [ 5.30935314e+02]
 [-4.46319346e+03]
 [-1.32404486e+02]
 [-1.32406491e+02]
 [-3.65953662e+02]
 [-5.98708707e-04]
 [ 3.88416782e-04]
 [-3.65954683e+02]]

Tensoes internas [Pa]
[[-1.65303482e+07]
 [ 6.63674457e+06]
 [-1.79773612e+07]
 [-6.58004677e+06]
 [-1.66609622e+07]
 [ 1.35972042e+07]
 [-1.79585066e+07]
 [-9.60296453e+06]
 [-1.63342689e+07]
 [-2.19081519e+06]
 [-1.79621443e+07]
 [-7.73759916e+06]
 [-1.59639623e+07]
 [ 6.31640727e+06]
 [-1.79539697e+07]
 [-1.17621158e+07]
 [-1.36896230e+07]
 [-1.16160497e+07]
 [-1.00573658e+07]
 [-1.77586048e+07]
 [-1.36896430e+07]
 [-1.16160301e+07]
 [-1.17621388e+07]
 [-1.59639881e+07]
 [ 6.31643256e+06]
 [-1.79539662e+07]
 [-7.73761549e+06]
 [-2.19083722e+06]
 [-1.79621392e+07]
 [-1.63342961e+07]
 [-9.60291660e+06]
 [-1.79585156e+07]
 [ 1.35971656e+07]
 [-1.66609739e+07]
 [-6.57999927e+06]
 [-1.79773807e+07]
 [ 6.63669142e+06]
 [-1.65303462e+07]
 [-2.64808973e+06]
 [-2.64812983e+06]
 [-6.09922770e+06]
 [-1.49677177e+01]
 [ 9.71041954e+00]
 [-6.09924472e+06]]